SSIM = 0.8846348466040078
PSNR = 35.00550097535024